        a        |         b         |         c         |         X         |    Time   
______________________________________________________________________________________________
   1.0000000000  |     1.0000000000  |     1.0000000000  |     3.0000000000  |              NaN
 ______________________________________________________________________________________________
  -3.0000000000  |     0.0000000000  |     3.0000000000  |     3.0000000000  |              NaN
 ______________________________________________________________________________________________
   2.0000000000  |     2.0000000000  |              NaN  |     3.0000000000  |     1.5247546282
 ______________________________________________________________________________________________
   1.0000000000  |     1.0000000000  |     1.0000000000  |     2.3333333333  |              NaN
 ______________________________________________________________________________________________
  -3.0000000000  |    -0.6666666667  |     1.6666666667  |     2.3333333333  |              NaN
 ______________________________________________________________________________________________
   2.0000000000  |     0.4444444444  |              NaN  |     2.3333333333  |     1.5258516239
 ______________________________________________________________________________________________
   1.0000000000  |     1.0000000000  |     1.0000000000  |     2.0666666667  |              NaN
 ______________________________________________________________________________________________
  -3.0000000000  |    -0.9333333333  |     1.1333333333  |     2.0666666667  |              NaN
 ______________________________________________________________________________________________
   2.0000000000  |     0.0711111111  |              NaN  |     2.0666666667  |     1.5246913993
 ______________________________________________________________________________________________
   1.0000000000  |     1.0000000000  |     1.0000000000  |     2.0039215686  |              NaN
 ______________________________________________________________________________________________
  -3.0000000000  |    -0.9960784314  |     1.0078431373  |     2.0039215686  |              NaN
 ______________________________________________________________________________________________
   2.0000000000  |     0.0039369473  |              NaN  |     2.0039215686  |     1.5244580178
 ______________________________________________________________________________________________
   1.0000000000  |     1.0000000000  |     1.0000000000  |     2.0000152590  |              NaN
 ______________________________________________________________________________________________
  -3.0000000000  |    -0.9999847410  |     1.0000305180  |     2.0000152590  |              NaN
 ______________________________________________________________________________________________
   2.0000000000  |     0.0000152593  |              NaN  |     2.0000152590  |     1.5271933103
 ______________________________________________________________________________________________
   1.0000000000  |     1.0000000000  |     1.0000000000  |     2.0000000002  |              NaN
 ______________________________________________________________________________________________
  -3.0000000000  |    -0.9999999998  |     1.0000000005  |     2.0000000002  |              NaN
 ______________________________________________________________________________________________
   2.0000000000  |     0.0000000002  |              NaN  |     2.0000000002  |     1.5229729098
 ______________________________________________________________________________________________
   1.0000000000  |     1.0000000000  |     1.0000000000  |     2.0000000000  |              NaN
 ______________________________________________________________________________________________
  -3.0000000000  |    -1.0000000000  |     1.0000000000  |     2.0000000000  |              NaN
 ______________________________________________________________________________________________
   2.0000000000  |     0.0000000000  |              NaN  |     2.0000000000  |     1.5225112874
 ______________________________________________________________________________________________
   1.0000000000  |     1.0000000000  |     1.0000000000  |     2.0000000000  |              NaN
 ______________________________________________________________________________________________
  -1.0000000000  |     1.0000000000  |              NaN  |     2.0000000000  |     1.5143619561
 ______________________________________________________________________________________________
   1.0000000000  |     1.0000000000  |     1.0000000000  |     1.0000000000  |              NaN
 ______________________________________________________________________________________________
  -1.0000000000  |     0.0000000000  |              NaN  |     1.0000000000  |     1.5110617160
 ______________________________________________________________________________________________
