   steps    |       xl      |       xu      |       xr      |      f(xr)    | absolute error
______________________________________________________________________________________________
   1.000000 | 0.0000000000 | 1.0000000000 | 0.6126998368 | -0.0708139479 | 0.6126998368 | 0.0219620185 
 ______________________________________________________________________________________________
   2.000000 | 0.0000000000 | 0.6126998368 | 0.5721814121 | -0.0078882729 | 0.0405184247 | 0.0217281229 
 ______________________________________________________________________________________________
   3.000000 | 0.0000000000 | 0.5721814121 | 0.5677032142 | -0.0008773920 | 0.0044781979 | 0.0230893435 
 ______________________________________________________________________________________________
   4.000000 | 0.0000000000 | 0.5677032142 | 0.5672055526 | -0.0000975727 | 0.0004976616 | 0.0254097927 
 ______________________________________________________________________________________________
   5.000000 | 0.0000000000 | 0.5672055526 | 0.5671502142 | -0.0000108506 | 0.0000553384 | 0.0346941598 
 ______________________________________________________________________________________________
   6.000000 | 0.0000000000 | 0.5671502142 | 0.5671440604 | -0.0000012066 | 0.0000061539 | 0.0551643874 
 ______________________________________________________________________________________________
