   steps    |      xiOld    |      xiNew    | absolute error | Time
______________________________________________________________________________________________
   1.000000 | 0.0000000000 | 1.0000000000 | 1.0000000000 | 0.0048506333 
 ______________________________________________________________________________________________
   2.000000 | 1.0000000000 | 0.3678794412 | 0.6321205588 | 0.0054320307 
 ______________________________________________________________________________________________
   3.000000 | 0.3678794412 | 0.6922006276 | 0.3243211864 | 0.0053837095 
 ______________________________________________________________________________________________
   4.000000 | 0.6922006276 | 0.5004735006 | 0.1917271270 | 0.0054798379 
 ______________________________________________________________________________________________
   5.000000 | 0.5004735006 | 0.6062435351 | 0.1057700345 | 0.0055600307 
 ______________________________________________________________________________________________
   6.000000 | 0.6062435351 | 0.5453957860 | 0.0608477491 | 0.0063614441 
 ______________________________________________________________________________________________
   7.000000 | 0.5453957860 | 0.5796123355 | 0.0342165495 | 0.0059029061 
 ______________________________________________________________________________________________
   8.000000 | 0.5796123355 | 0.5601154614 | 0.0194968741 | 0.0060802555 
 ______________________________________________________________________________________________
   9.000000 | 0.5601154614 | 0.5711431151 | 0.0110276537 | 0.0057944403 
 ______________________________________________________________________________________________
   10.000000 | 0.5711431151 | 0.5648793474 | 0.0062637677 | 0.0060920788 
 ______________________________________________________________________________________________
   11.000000 | 0.5648793474 | 0.5684287250 | 0.0035493776 | 0.0059687053 
 ______________________________________________________________________________________________
   12.000000 | 0.5684287250 | 0.5664147331 | 0.0020139919 | 0.0058453318 
 ______________________________________________________________________________________________
   13.000000 | 0.5664147331 | 0.5675566373 | 0.0011419042 | 0.0059013639 
 ______________________________________________________________________________________________
   14.000000 | 0.5675566373 | 0.5669089119 | 0.0006477254 | 0.0059352916 
 ______________________________________________________________________________________________
   15.000000 | 0.5669089119 | 0.5672762322 | 0.0003673203 | 0.0060699743 
 ______________________________________________________________________________________________
   16.000000 | 0.5672762322 | 0.5670678984 | 0.0002083338 | 0.0060596932 
 ______________________________________________________________________________________________
   17.000000 | 0.5670678984 | 0.5671860501 | 0.0001181517 | 0.0060838539 
 ______________________________________________________________________________________________
   18.000000 | 0.5671860501 | 0.5671190401 | 0.0000670100 | 0.0062190506 
 ______________________________________________________________________________________________
   19.000000 | 0.5671190401 | 0.5671570440 | 0.0000380039 | 0.0063018136 
 ______________________________________________________________________________________________
   20.000000 | 0.5671570440 | 0.5671354902 | 0.0000215538 | 0.0062951309 
 ______________________________________________________________________________________________
   21.000000 | 0.5671354902 | 0.5671477143 | 0.0000122241 | 0.0067896529 
 ______________________________________________________________________________________________
   22.000000 | 0.5671477143 | 0.5671407815 | 0.0000069328 | 0.0064123357 
 ______________________________________________________________________________________________
