   3.0000000000    2.0000000000    1.0000000000    6.0000000000
   2.0000000000    3.0000000000    0.0000000000    7.0000000000
   0.0000000000    0.0000000000    2.0000000000    4.0000000000

  scaling: 
R1=R1/   3.0000000000
   1.0000000000    0.6666666667    0.3333333333    2.0000000000
   2.0000000000    3.0000000000    0.0000000000    7.0000000000
   0.0000000000    0.0000000000    2.0000000000    4.0000000000

R2=R2-R1*   2.0000000000
   1.0000000000    0.6666666667    0.3333333333    2.0000000000
   0.0000000000    1.6666666667   -0.6666666667    3.0000000000
   0.0000000000    0.0000000000    2.0000000000    4.0000000000

R3=R3-R1*   0.0000000000
   1.0000000000    0.6666666667    0.3333333333    2.0000000000
   0.0000000000    1.6666666667   -0.6666666667    3.0000000000
   0.0000000000    0.0000000000    2.0000000000    4.0000000000

  scaling: 
R2=R2/   1.6666666667
   1.0000000000    0.6666666667    0.3333333333    2.0000000000
   0.0000000000    1.0000000000   -0.4000000000    1.8000000000
   0.0000000000    0.0000000000    2.0000000000    4.0000000000

R1=R1-R2*   0.6666666667
   1.0000000000    0.0000000000    0.6000000000    0.8000000000
   0.0000000000    1.0000000000   -0.4000000000    1.8000000000
   0.0000000000    0.0000000000    2.0000000000    4.0000000000

R3=R3-R2*   0.0000000000
   1.0000000000    0.0000000000    0.6000000000    0.8000000000
   0.0000000000    1.0000000000   -0.4000000000    1.8000000000
   0.0000000000    0.0000000000    2.0000000000    4.0000000000

  scaling: 
R3=R3/   2.0000000000
   1.0000000000    0.0000000000    0.6000000000    0.8000000000
   0.0000000000    1.0000000000   -0.4000000000    1.8000000000
   0.0000000000    0.0000000000    1.0000000000    2.0000000000

R1=R1-R3*   0.6000000000
   1.0000000000    0.0000000000    0.0000000000   -0.4000000000
   0.0000000000    1.0000000000   -0.4000000000    1.8000000000
   0.0000000000    0.0000000000    1.0000000000    2.0000000000

R2=R2-R3*  -0.4000000000
   1.0000000000    0.0000000000    0.0000000000   -0.4000000000
   0.0000000000    1.0000000000    0.0000000000    2.6000000000
   0.0000000000    0.0000000000    1.0000000000    2.0000000000

Solution: 
  -0.4000000000   2.6000000000   2.0000000000