             x1 |             x2 |             x3 |      error(x1) |      error(x2) |      error(x3)
____________________________________________________________________________________________________
   0.6000000000 |   1.9333333333 |   2.0000000000 |   0.0444444444 |   2.3037037037 |   2.0000000000 |  -0.2024691358
____________________________________________________________________________________________________
   2.4683127572 |   2.0000000000 |  -0.3122085048 |   2.5414723365 |   2.0000000000 |  -0.3609815577 |   2.5739877051
____________________________________________________________________________________________________
   2.0000000000 |  -0.3826584701 |   2.5884389801 |   2.0000000000 |  -0.3922926534 |   2.5948617689 |   2.0000000000
____________________________________________________________________________________________________
  -0.3965745126 |   2.5977163417 |   2.0000000000 |  -0.3984775612 |   2.5989850408 |   2.0000000000 |  -0.3993233605
____________________________________________________________________________________________________
   2.5995489070 |   2.0000000000 |  -0.3996992713 |   2.5997995142 |   2.0000000000 |  -0.3998663428 |   2.5999108952
____________________________________________________________________________________________________
   2.0000000000 |  -0.3999405968 |   2.5999603979 |   2.0000000000 |  -0.3999735986 |   2.5999823991 |   2.0000000000
____________________________________________________________________________________________________
  -0.3999882660 |   2.5999921774 |   2.0000000000 |  -0.3999947849 |   2.5999965233 |   2.0000000000 |   0.4000000000
____________________________________________________________________________________________________
   0.8333333333 |   0.0000000000 |   0.5555555556 |   0.3703703704 |   0.0000000000 |   0.2469135802 |   0.1646090535
____________________________________________________________________________________________________
   0.0000000000 |   0.1097393690 |   0.0731595793 |   0.0000000000 |   0.0487730529 |   0.0325153686 |   0.0000000000
____________________________________________________________________________________________________
   0.0216769124 |   0.0144512749 |   0.0000000000 |   0.0096341833 |   0.0064227889 |   0.0000000000 |   0.0042818592
____________________________________________________________________________________________________
   0.0028545728 |   0.0000000000 |   0.0019030486 |   0.0012686990 |   0.0000000000 |   0.0008457994 |   0.0005638662
____________________________________________________________________________________________________
   0.0000000000 |   0.0003759108 |   0.0002506072 |   0.0000000000 |   0.0001670715 |   0.0001113810 |   0.0000000000
____________________________________________________________________________________________________
   0.0000742540 |   0.0000495027 |   0.0000000000 |   0.0000330018 |   0.0000220012 |   0.0000000000 |   0.0000146675
____________________________________________________________________________________________________
   0.0000097783 |   0.0000000000 |   0.0000065189 |   0.0000043459 |   0.0000000000 |   1.5686940868 |   1.5480249194
____________________________________________________________________________________________________
   1.5450773217 |   1.5458813055 |   1.5485425739 |   1.5468616104 |   1.5451498037 |   1.5463855945 |   1.5460422050
____________________________________________________________________________________________________
   1.5475350239 |   1.5473381404 |   1.5458098517 |   1.5467449197 |   1.5453770164 |   1.5459563577 |   1.5441247758
____________________________________________________________________________________________________
