  12.0000000000    3.0000000000   -5.0000000000 |   1.0000000000
   1.0000000000    5.0000000000    3.0000000000 |  28.0000000000
   3.0000000000    7.0000000000   13.0000000000 |  76.0000000000
__________________________________________________________________
R 1 <-> R 1 
  12.0000000000    3.0000000000   -5.0000000000 |   1.0000000000
   1.0000000000    5.0000000000    3.0000000000 |  28.0000000000
   3.0000000000    7.0000000000   13.0000000000 |  76.0000000000
__________________________________________________________________
R 2 - 1 / 12 * R 1 
  12.0000000000    3.0000000000   -5.0000000000 |   1.0000000000
   0.0000000000    4.7500000000    3.4166666667 |  27.9166666667
   3.0000000000    7.0000000000   13.0000000000 |  76.0000000000
__________________________________________________________________
R 3 - 3 / 12 * R 1 
  12.0000000000    3.0000000000   -5.0000000000 |   1.0000000000
   0.0000000000    4.7500000000    3.4166666667 |  27.9166666667
   0.0000000000    6.2500000000   14.2500000000 |  75.7500000000
__________________________________________________________________
R 2 <-> R 3 
  12.0000000000    3.0000000000   -5.0000000000 |   1.0000000000
   0.0000000000    6.2500000000   14.2500000000 |  75.7500000000
   0.0000000000    4.7500000000    3.4166666667 |  27.9166666667
__________________________________________________________________
R 3 - 19/4 / 25/4 * R 2 
  12.0000000000    3.0000000000   -5.0000000000 |   1.0000000000
   0.0000000000    6.2500000000   14.2500000000 |  75.7500000000
   0.0000000000    0.0000000000   -7.4133333333 | -29.6533333333
__________________________________________________________________
