   steps    |       xl      |       xu      |       xr    | absolute error | Time
______________________________________________________________________________________________
   1.000000 | -2.0000000000 | 1.0000000000 | -0.4418885660 | 0.4418885660 | 1.5373011952 
 ______________________________________________________________________________________________
   2.000000 | -0.4418885660 | 1.0000000000 | 0.0439761823 | 0.4858647483 | 1.5955416943 
 ______________________________________________________________________________________________
   3.000000 | 0.0439761823 | 1.0000000000 | -0.0087238240 | 0.0527000063 | 1.6193851581 
 ______________________________________________________________________________________________
   4.000000 | -0.0087238240 | 1.0000000000 | 0.0016265316 | 0.0103503556 | 1.6132000352 
 ______________________________________________________________________________________________
   5.000000 | 0.0016265316 | 1.0000000000 | -0.0003070232 | 0.0019335548 | 1.7112305321 
 ______________________________________________________________________________________________
   6.000000 | -0.0003070232 | 1.0000000000 | 0.0000578206 | 0.0003648438 | 1.8238314348 
 ______________________________________________________________________________________________
   7.000000 | 0.0000578206 | 1.0000000000 | -0.0000108939 | 0.0000687144 | 2.0822222439 
 ______________________________________________________________________________________________
   8.000000 | -0.0000108939 | 1.0000000000 | 0.0000020523 | 0.0000129462 | 2.5236062269 
 ______________________________________________________________________________________________
   9.000000 | 0.0000020523 | 1.0000000000 | -0.0000003866 | 0.0000024390 | 3.6063039727 
 ______________________________________________________________________________________________
